911
911
596
249
238
127
126
113
90
87
77
54
39
33
22
19
18
16
15
15
14
11
10
8
7
7
5
5144
5144
1069
887
751
739
589
583
506
397
345
317
304
299
257
231
226
208
191
181
176
162
153
151
149
136
121
115
114
112
111
108
103
98
79
77
77
76
75
74
68
66
64
64
59
58
58
53
50
49
49
47
47
47
46
46
44
42
42
40
39
39
39
38
37
34
33
30
29
29
29
29
28
27
27
27
27
27
26
26
25
24
24
23
22
22
22
21
21
20
20
18
18
17
17
16
16
15
15
14
13
13
13
13
12
11
11
11
10
9
9
9
9
9
8
8
8
8
8
7
6
6
5
5
5
5
2593
816
180
163
143
140
124
98
94
92
79
71
70
66
65
61
61
46
45
43
40
36
33
31
31
29
25
24
23
23
23
22
20
19
17
16
16
15
15
14
13
12
12
11
10
10
10
9
9
9
9
9
9
8
8
8
7
7
7
6
6
6
5
5
10135
1447
1377
1352
1135
883
822
795
740
668
596
587
560
494
423
393
345
330
314
309
286
282
264
259
258
257
247
227
214
212
200
199
193
192
191
187
186
184
181
173
157
154
149
146
140
140
139
136
134
130
128
127
127
125
122
114
110
104
104
97
96
95
92
92
92
89
89
89
89
87
83
81
79
79
79
75
73
72
72
71
71
68
67
66
65
65
65
62
62
59
58
58
58
57
57
56
55
55
54
53
53
53
52
51
51
49
48
47
45
44
43
43
42
42
42
41
41
40
39
39
39
39
39
38
38
38
36
35
34
33
33
32
32
32
32
32
31
31
31
31
31
31
30
30
30
30
30
29
29
29
28
27
27
27
27
27
27
27
26
26
26
26
25
24
24
24
24
24
24
23
23
23
22
20
20
19
18
18
18
18
17
16
16
16
16
16
16
16
15
15
15
15
14
14
13
13
13
13
13
13
0
